$ANSIBLE_VAULT;1.1;AES256
36303536333331303336373463373330636639396162393362653138316566383636303538363839
3634376461323961396632343531383231356336383361380a653462323436636166643364373736
38636463643638343735653034386464643134663132663363613434653361396438313636633338
6335663536313438370a363231393532343533346566623831303435626264313830633466306235
66653531306363356566376264356333633163353264643839376466326534393461643266636337
30363466313962323961313836373262313136336238383236383235396465323661626133313437
33653365366364626130396465623564353638353637643064663236636236623338653936643633
37306261663237363834316330643462383432663337363335366136636234633232303662653237
32666238393932376637623435313934623630323839626539343537663264303266636433383433
36383536366366316133386133636530646466613033623336376564323530636237336631613566
38613333316464346630636434333934303565333765323734333466623765653462396430396335
33373237323739316139656166323665376361383439656434613732393862343934393963646431
36663137376363386630336331666230323934366562356439633864616438373639613465303366
62333837636461656636303538666266613166336435363862333732376563323462373935383130
64356461663837653037383065623631373036663539663062386366343432303365313337343234
31343766343161333939653935303333663265333031623637326666373663393536666465636233
31343365316135643233633633356638303332303234363630643331303062616635613463646662
36343462366139363239616630326233623931313963373432346139626362616566313630353266
34306432323861613136316233336335636431663465343331303438323637343738666531356562
33393461346134346238343963373561383163393664626462313131653763306164383263356431
37643034373261363464636330396331303738323263393436306133616135323832646631626134
33336634653164396133386331633139316137623138316462306234366365343239383364636236
61373362646565313838626230346538306566633466633636353436336630353561353961343937
37613636373439333739366234633635656135386631653362393862643939303233373066353631
33616636306361313863366664376239636261346462623935353664303335333430
