$ANSIBLE_VAULT;1.1;AES256
30613331323266343261326563383262656530333134636233373661386433393136376338663162
6138316437636165313135363638323833396535306635320a373564303834616661316135343161
30306666316664353238356435636639376234333932363062383430383265333037643937323664
3662643265636565340a353238363365323966353131366164356361393739323462616364366466
61356633393537353336313434316661373132396262373565656236333430396330626666386163
37363834313030633531313563366431653433363166363230363035313063336662393364616331
38346662313965343763663734383335343330636661306531613835623534336163356338656531
33316633313334346239636236343936333163633466366361343638313535646130393736323066
38383030666161363639623433663236646265356535373936376461646537613131663566626132
63303031353431653333303436316562326464303531343130616461613837303661376230353838
62333264613237333731636231353132623531386562333535353030393538643736323935626332
61646332616664396239323439356666353137356531346161616638633830386262633963366534
6464
